vec1<-c(1,2,3,4,5,6,7,8)
vec2<-c(1,2,3,4)
mat1=matrix(vec1,nrow=4)
